%YAML:1.0 # need to specify the file type at the top!

cam:
  enabled: true
  time_analysis: false
  num_opencv_threads: 4 # -1: auto, 0-1: serial, >1: number of threads
  max_n: 2
  use_stereo: true
  stereo_pair: [0, 1]
  do_calib_ext: true
  do_calib_int: true
  do_calib_dt: true
  n_pts: 200
  fast: 15
  grid_x: 20
  grid_y: 20
  min_px_dist: 15
  knn: 0.70
  downsample: false
  histogram_method: "HISTOGRAM" # NONE, HISTOGRAM, CLAHE
  max_slam: 50
  max_msckf: 50 # if there are more slam points than max_msckf, new ones are not initialized
  feat_rep: "GLOBAL_3D"
  init_cov_dt: 1e-4
  init_cov_ex_o: 1e-4
  init_cov_ex_p: 1e-3
  init_cov_in_k: 1e-0
  init_cov_in_c: 1e-0
  init_cov_in_r: 1e-5
  sigma_px: 1
  chi2_mult: 1

  # ==================================================================
  # ==================================================================
cam0:
  # timeoffset: 0.024
  timeoffset: 0.019
  T_imu_cam: #rotation from camera to IMU R_CtoI, position of camera in IMU p_CinI
    # - [ 0.025,-0.016, 1.000, 0.055]
    # - [-1.000,-0.013, 0.025, 0.032]
    # - [ 0.013,-1.000,-0.016, 0.065]
    # - [ 0.000, 0.000, 0.000, 1.000]
    - [ 0.010,-0.005, 1.000, 0.008]
    - [-1.000, 0.003, 0.010,-0.005]
    - [-0.003,-1.000,-0.005, 0.023]
    - [ 0.000, 0.000, 0.000, 1.000]
  cam_overlaps: [1]
  camera_model: pinhole
  # distortion_coeffs: [-0.00413605011999607, 0.0385973118245602, -0.0369558110833168, 0.00608701910823584]
  distortion_coeffs: [-0.01069,0.04566,-0.04224,0.00796]
  distortion_model: equidistant
  # intrinsics: [284.378601074219,285.364898681641, 423.223510742188, 402.276000976562] #fu, fv, cu, cv
  intrinsics: [286.89125,286.67065,422.99450,400.04882]
  resolution: [848, 800]
  topic: "t265/fisheye1/image_raw"
  use_mask: true
  mask: "mask_t265_848_800_left.png"
cam1:
  # timeoffset: 0.024
  timeoffset: 0.019
  T_imu_cam: #rotation from camera to IMU R_CtoI, position of camera in IMU p_CinI
    # - [ 0.018,-0.012, 1.000, 0.055]
    # - [-1.000,-0.017, 0.017,-0.032]
    # - [ 0.017,-1.000,-0.012, 0.065]
    # - [ 0.000, 0.000, 0.000, 1.000]
    - [ 0.001,-0.001, 1.000, 0.008]
    - [-1.000,-0.001, 0.001,-0.056]
    - [ 0.001,-1.000,-0.001, 0.024]
    - [ 0.000, 0.000, 0.000, 1.000]
  cam_overlaps: [0]
  camera_model: pinhole
  # distortion_coeffs: [-0.00312783196568489, 0.0387581698596478, -0.0367337986826897, 0.00606365082785487]
  distortion_coeffs: [-0.00601,0.04104,-0.04152,0.00824]
  distortion_model: equidistant
  # intrinsics: [285.629211425781, 286.654602050781, 433.148193359375, 403.567413330078] #fu, fv, cu, cv
  intrinsics: [288.17342,287.41413,432.53355,401.18710]
  resolution: [848, 800]
  topic: "t265/fisheye2/image_raw"
  use_mask: true
  mask: "mask_t265_848_800_right.png"
